0.000000,25.698446,-54.990696,0.000000,-60.378723,0.000000
0.000000,25.698446,-54.990696,0.000000,-60.378723,0.000000
0.000000,25.700653,-54.991993,0.000000,-60.379640,0.000000
0.000000,25.704390,-54.994191,0.000000,-60.381188,0.000000
0.000000,25.709037,-54.996929,0.000000,-60.383110,0.000000
0.000000,25.714028,-54.999874,0.000000,-60.385170,0.000000
0.000000,25.718849,-55.002719,0.000000,-60.387157,0.000000
0.000000,25.723033,-55.005189,0.000000,-60.388882,0.000000
0.000000,25.726159,-55.007030,0.000000,-60.390173,0.000000
0.000000,25.727849,-55.008013,0.000000,-60.390880,0.000000
0.000000,25.727763,-55.007934,0.000000,-60.390870,0.000000
0.000000,25.725603,-55.006609,0.000000,-60.390025,0.000000
0.000000,25.721104,-55.003872,0.000000,-60.388243,0.000000
0.000000,25.714033,-54.999581,0.000000,-60.385438,0.000000
0.000000,25.704190,-54.993607,0.000000,-60.381534,0.000000
0.000000,25.691404,-54.985841,0.000000,-60.376470,0.000000
0.000000,25.675531,-54.976188,0.000000,-60.370196,0.000000
0.000000,25.656453,-54.964571,0.000000,-60.362671,0.000000
0.000000,25.634073,-54.950922,0.000000,-60.353866,0.000000
0.000000,25.608319,-54.935190,0.000000,-60.343760,0.000000
0.000000,25.579137,-54.917335,0.000000,-60.332339,0.000000
0.000000,25.546494,-54.897328,0.000000,-60.319597,0.000000
0.000000,25.510372,-54.875150,0.000000,-60.305538,0.000000
0.000000,25.470770,-54.850791,0.000000,-60.290168,0.000000
0.000000,25.427702,-54.824254,0.000000,-60.273500,0.000000
0.000000,25.381195,-54.795545,0.000000,-60.255555,0.000000
0.000000,25.331289,-54.764681,0.000000,-60.236354,0.000000
0.000000,25.278032,-54.731685,0.000000,-60.215925,0.000000
0.000000,25.221487,-54.696587,0.000000,-60.194299,0.000000
0.000000,25.161721,-54.659420,0.000000,-60.171511,0.000000
0.000000,25.098813,-54.620227,0.000000,-60.147599,0.000000
0.000000,25.032846,-54.579052,0.000000,-60.122600,0.000000
0.000000,24.963913,-54.535945,0.000000,-60.096558,0.000000
0.000000,24.892108,-54.490958,0.000000,-60.069516,0.000000
0.000000,24.817535,-54.444148,0.000000,-60.041518,0.000000
0.000000,24.740296,-54.395576,0.000000,-60.012612,0.000000
0.000000,24.660503,-54.345301,0.000000,-59.982844,0.000000
0.000000,24.578265,-54.293389,0.000000,-59.952262,0.000000
0.000000,24.493697,-54.239906,0.000000,-59.920914,0.000000
0.000000,24.406915,-54.184918,0.000000,-59.888849,0.000000
0.000000,24.318033,-54.128494,0.000000,-59.856115,0.000000
0.000000,24.227171,-54.070703,0.000000,-59.822761,0.000000
0.000000,24.134445,-54.011616,0.000000,-59.788834,0.000000
0.000000,24.039972,-53.951301,0.000000,-59.754383,0.000000
0.000000,23.943870,-53.889830,0.000000,-59.719453,0.000000
0.000000,23.846255,-53.827273,0.000000,-59.684092,0.000000
0.000000,23.747240,-53.763698,0.000000,-59.648345,0.000000
0.000000,23.646940,-53.699176,0.000000,-59.612256,0.000000
0.000000,23.545465,-53.633774,0.000000,-59.575869,0.000000
0.000000,23.442925,-53.567560,0.000000,-59.539225,0.000000
0.000000,23.339428,-53.500601,0.000000,-59.502366,0.000000
0.000000,23.235077,-53.432961,0.000000,-59.465333,0.000000
0.000000,23.129976,-53.364704,0.000000,-59.428162,0.000000
0.000000,23.024223,-53.295894,0.000000,-59.390893,0.000000
0.000000,22.917914,-53.226589,0.000000,-59.353560,0.000000
0.000000,22.811144,-53.156851,0.000000,-59.316198,0.000000
0.000000,22.704002,-53.086736,0.000000,-59.278839,0.000000
0.000000,22.596576,-53.016300,0.000000,-59.241516,0.000000
0.000000,22.488948,-52.945598,0.000000,-59.204259,0.000000
0.000000,22.381200,-52.874679,0.000000,-59.167095,0.000000
0.000000,22.273408,-52.803596,0.000000,-59.130053,0.000000
0.000000,22.165644,-52.732395,0.000000,-59.093157,0.000000
0.000000,22.057980,-52.661123,0.000000,-59.056432,0.000000
0.000000,21.950482,-52.589823,0.000000,-59.019901,0.000000
0.000000,21.843211,-52.518537,0.000000,-58.983584,0.000000
0.000000,21.736228,-52.447304,0.000000,-58.947502,0.000000
0.000000,21.629587,-52.376163,0.000000,-58.911674,0.000000
0.000000,21.523343,-52.305148,0.000000,-58.876115,0.000000
0.000000,21.417542,-52.234293,0.000000,-58.840842,0.000000
0.000000,21.312231,-52.163628,0.000000,-58.805869,0.000000
0.000000,21.207451,-52.093184,0.000000,-58.771210,0.000000
0.000000,21.103242,-52.022987,0.000000,-58.736875,0.000000
0.000000,20.999639,-51.953061,0.000000,-58.702876,0.000000
0.000000,20.896673,-51.883431,0.000000,-58.669222,0.000000
0.000000,20.794374,-51.814116,0.000000,-58.635921,0.000000
0.000000,20.692769,-51.745136,0.000000,-58.602980,0.000000
0.000000,20.591880,-51.676508,0.000000,-58.570406,0.000000
0.000000,20.491726,-51.608248,0.000000,-58.538203,0.000000
0.000000,20.392327,-51.540367,0.000000,-58.506375,0.000000
0.000000,20.293695,-51.472879,0.000000,-58.474925,0.000000
0.000000,20.195843,-51.405792,0.000000,-58.443856,0.000000
0.000000,20.098780,-51.339116,0.000000,-58.413168,0.000000
0.000000,20.002514,-51.272855,0.000000,-58.382863,0.000000
0.000000,19.907047,-51.207016,0.000000,-58.352938,0.000000
0.000000,19.812383,-51.141601,0.000000,-58.323394,0.000000
0.000000,19.718522,-51.076613,0.000000,-58.294229,0.000000
0.000000,19.625460,-51.012051,0.000000,-58.265440,0.000000
0.000000,19.533195,-50.947914,0.000000,-58.237023,0.000000
0.000000,19.441719,-50.884201,0.000000,-58.208975,0.000000
0.000000,19.351024,-50.820907,0.000000,-58.181292,0.000000
0.000000,19.261102,-50.758027,0.000000,-58.153968,0.000000
0.000000,19.171940,-50.695556,0.000000,-58.126999,0.000000
0.000000,19.083526,-50.633486,0.000000,-58.100378,0.000000
0.000000,18.995845,-50.571809,0.000000,-58.074099,0.000000
0.000000,18.908881,-50.510516,0.000000,-58.048156,0.000000
0.000000,18.822618,-50.449596,0.000000,-58.022542,0.000000
0.000000,18.737036,-50.389040,0.000000,-57.997250,0.000000
0.000000,18.652118,-50.328833,0.000000,-57.972271,0.000000
0.000000,18.567842,-50.268965,0.000000,-57.947599,0.000000
0.000000,18.484188,-50.209422,0.000000,-57.923225,0.000000
0.000000,18.401132,-50.150189,0.000000,-57.899141,0.000000
0.000000,18.318653,-50.091252,0.000000,-57.875339,0.000000
0.000000,18.236727,-50.032596,0.000000,-57.851810,0.000000
0.000000,18.155330,-49.974206,0.000000,-57.828546,0.000000
0.000000,18.074436,-49.916065,0.000000,-57.805539,0.000000
0.000000,17.994022,-49.858156,0.000000,-57.782779,0.000000
0.000000,17.914061,-49.800463,0.000000,-57.760258,0.000000
0.000000,17.834528,-49.742968,0.000000,-57.737968,0.000000
0.000000,17.755396,-49.685655,0.000000,-57.715899,0.000000
0.000000,17.676640,-49.628505,0.000000,-57.694043,0.000000
0.000000,17.598234,-49.571501,0.000000,-57.672392,0.000000
0.000000,17.520150,-49.514625,0.000000,-57.650937,0.000000
0.000000,17.442364,-49.457859,0.000000,-57.629669,0.000000
0.000000,17.364848,-49.401184,0.000000,-57.608581,0.000000
0.000000,17.287576,-49.344584,0.000000,-57.587664,0.000000
0.000000,17.210523,-49.288039,0.000000,-57.566911,0.000000
0.000000,17.133663,-49.231532,0.000000,-57.546312,0.000000
0.000000,17.056970,-49.175045,0.000000,-57.525862,0.000000
0.000000,16.980420,-49.118560,0.000000,-57.505551,0.000000
0.000000,16.903987,-49.062061,0.000000,-57.485374,0.000000
0.000000,16.827648,-49.005529,0.000000,-57.465323,0.000000
0.000000,16.751379,-48.948949,0.000000,-57.445390,0.000000
0.000000,16.675155,-48.892302,0.000000,-57.425569,0.000000
0.000000,16.598956,-48.835573,0.000000,-57.405855,0.000000
0.000000,16.522758,-48.778745,0.000000,-57.386240,0.000000
0.000000,16.446539,-48.721803,0.000000,-57.366718,0.000000
0.000000,16.370279,-48.664731,0.000000,-57.347285,0.000000
0.000000,16.293957,-48.607515,0.000000,-57.327934,0.000000
0.000000,16.217553,-48.550140,0.000000,-57.308659,0.000000
0.000000,16.141048,-48.492591,0.000000,-57.289457,0.000000
0.000000,16.064425,-48.434855,0.000000,-57.270323,0.000000
0.000000,15.987665,-48.376920,0.000000,-57.251251,0.000000
0.000000,15.910751,-48.318771,0.000000,-57.232238,0.000000
0.000000,15.833667,-48.260397,0.000000,-57.213280,0.000000
0.000000,15.756399,-48.201786,0.000000,-57.194372,0.000000
0.000000,15.678930,-48.142927,0.000000,-57.175513,0.000000
0.000000,15.601248,-48.083810,0.000000,-57.156697,0.000000
0.000000,15.523340,-48.024423,0.000000,-57.137923,0.000000
0.000000,15.445193,-47.964758,0.000000,-57.119188,0.000000
0.000000,15.366795,-47.904806,0.000000,-57.100489,0.000000
0.000000,15.288137,-47.844558,0.000000,-57.081824,0.000000
0.000000,15.209208,-47.784006,0.000000,-57.063192,0.000000
0.000000,15.130000,-47.723143,0.000000,-57.044590,0.000000
0.000000,15.050504,-47.661962,0.000000,-57.026017,0.000000
0.000000,14.970713,-47.600458,0.000000,-57.007472,0.000000
0.000000,14.890620,-47.538623,0.000000,-56.988953,0.000000
0.000000,14.810220,-47.476455,0.000000,-56.970461,0.000000
0.000000,14.729507,-47.413947,0.000000,-56.951994,0.000000
0.000000,14.648478,-47.351096,0.000000,-56.933551,0.000000
0.000000,14.567128,-47.287899,0.000000,-56.915134,0.000000
0.000000,14.485455,-47.224353,0.000000,-56.896742,0.000000
0.000000,14.403458,-47.160456,0.000000,-56.878375,0.000000
0.000000,14.321135,-47.096206,0.000000,-56.860034,0.000000
0.000000,14.238484,-47.031602,0.000000,-56.841718,0.000000
0.000000,14.155508,-46.966644,0.000000,-56.823430,0.000000
0.000000,14.072206,-46.901331,0.000000,-56.805170,0.000000
0.000000,13.988580,-46.835664,0.000000,-56.786938,0.000000
0.000000,13.904632,-46.769644,0.000000,-56.768737,0.000000
0.000000,13.820366,-46.703273,0.000000,-56.750567,0.000000
0.000000,13.735784,-46.636552,0.000000,-56.732430,0.000000
0.000000,13.650891,-46.569484,0.000000,-56.714328,0.000000
0.000000,13.565691,-46.502071,0.000000,-56.696263,0.000000
0.000000,13.480190,-46.434318,0.000000,-56.678236,0.000000
0.000000,13.394393,-46.366228,0.000000,-56.660250,0.000000
0.000000,13.308307,-46.297805,0.000000,-56.642306,0.000000
0.000000,13.221939,-46.229053,0.000000,-56.624407,0.000000
0.000000,13.135296,-46.159979,0.000000,-56.606554,0.000000
0.000000,13.048385,-46.090588,0.000000,-56.588752,0.000000
0.000000,12.961216,-46.020884,0.000000,-56.571001,0.000000
0.000000,12.873796,-45.950875,0.000000,-56.553304,0.000000
0.000000,12.786134,-45.880567,0.000000,-56.535664,0.000000
0.000000,12.698241,-45.809966,0.000000,-56.518084,0.000000
0.000000,12.610126,-45.739081,0.000000,-56.500566,0.000000
0.000000,12.521799,-45.667918,0.000000,-56.483113,0.000000
0.000000,12.433270,-45.596485,0.000000,-56.465727,0.000000
0.000000,12.344551,-45.524790,0.000000,-56.448412,0.000000
0.000000,12.255651,-45.452841,0.000000,-56.431170,0.000000
0.000000,12.166584,-45.380648,0.000000,-56.414004,0.000000
0.000000,12.077359,-45.308218,0.000000,-56.396917,0.000000
0.000000,11.987989,-45.235560,0.000000,-56.379911,0.000000
0.000000,11.898485,-45.162684,0.000000,-56.362990,0.000000
0.000000,11.808860,-45.089599,0.000000,-56.346156,0.000000
0.000000,11.719125,-45.016314,0.000000,-56.329412,0.000000
0.000000,11.629293,-44.942838,0.000000,-56.312760,0.000000
0.000000,11.539377,-44.869183,0.000000,-56.296205,0.000000
0.000000,11.449388,-44.795356,0.000000,-56.279747,0.000000
0.000000,11.359340,-44.721368,0.000000,-56.263391,0.000000
0.000000,11.269244,-44.647229,0.000000,-56.247138,0.000000
0.000000,11.179114,-44.572950,0.000000,-56.230991,0.000000
0.000000,11.088962,-44.498539,0.000000,-56.214953,0.000000
0.000000,10.998800,-44.424007,0.000000,-56.199027,0.000000
0.000000,10.908641,-44.349364,0.000000,-56.183214,0.000000
0.000000,10.818497,-44.274620,0.000000,-56.167517,0.000000
0.000000,10.728381,-44.199785,0.000000,-56.151939,0.000000
0.000000,10.638305,-44.124869,0.000000,-56.136482,0.000000
0.000000,10.548281,-44.049883,0.000000,-56.121148,0.000000
0.000000,10.458321,-43.974835,0.000000,-56.105940,0.000000
0.000000,10.368438,-43.899736,0.000000,-56.090858,0.000000
0.000000,10.278642,-43.824595,0.000000,-56.075907,0.000000
0.000000,10.188945,-43.749423,0.000000,-56.061086,0.000000
0.000000,10.099359,-43.674228,0.000000,-56.046399,0.000000
0.000000,10.009895,-43.599021,0.000000,-56.031847,0.000000
0.000000,9.920564,-43.523809,0.000000,-56.017432,0.000000
0.000000,9.831376,-43.448604,0.000000,-56.003156,0.000000
0.000000,9.742342,-43.373412,0.000000,-55.989019,0.000000
0.000000,9.653473,-43.298244,0.000000,-55.975024,0.000000
0.000000,9.564777,-43.223107,0.000000,-55.961172,0.000000
0.000000,9.476266,-43.148011,0.000000,-55.947464,0.000000
0.000000,9.387948,-43.072962,0.000000,-55.933901,0.000000
0.000000,9.299833,-42.997971,0.000000,-55.920486,0.000000
0.000000,9.211928,-42.923043,0.000000,-55.907218,0.000000
0.000000,9.124244,-42.848187,0.000000,-55.894098,0.000000
0.000000,9.036788,-42.773411,0.000000,-55.881129,0.000000
0.000000,8.949567,-42.698720,0.000000,-55.868309,0.000000
0.000000,8.862590,-42.624122,0.000000,-55.855641,0.000000
0.000000,8.775864,-42.549624,0.000000,-55.843125,0.000000
0.000000,8.689395,-42.475232,0.000000,-55.830761,0.000000
0.000000,8.603190,-42.400952,0.000000,-55.818549,0.000000
0.000000,8.517255,-42.326789,0.000000,-55.806491,0.000000
0.000000,8.431596,-42.252750,0.000000,-55.794587,0.000000
0.000000,8.346218,-42.178839,0.000000,-55.782836,0.000000
0.000000,8.261127,-42.105061,0.000000,-55.771239,0.000000
0.000000,8.176327,-42.031421,0.000000,-55.759796,0.000000
0.000000,8.091823,-41.957924,0.000000,-55.748507,0.000000
0.000000,8.007617,-41.884573,0.000000,-55.737372,0.000000
0.000000,7.923715,-41.811372,0.000000,-55.726391,0.000000
0.000000,7.840119,-41.738324,0.000000,-55.715563,0.000000
0.000000,7.756832,-41.665434,0.000000,-55.704889,0.000000
0.000000,7.673856,-41.592702,0.000000,-55.694367,0.000000
0.000000,7.591194,-41.520133,0.000000,-55.683998,0.000000
0.000000,7.508847,-41.447728,0.000000,-55.673781,0.000000
0.000000,7.426817,-41.375489,0.000000,-55.663715,0.000000
0.000000,7.345104,-41.303417,0.000000,-55.653800,0.000000
0.000000,7.263710,-41.231515,0.000000,-55.644035,0.000000
0.000000,7.182634,-41.159782,0.000000,-55.634420,0.000000
0.000000,7.101876,-41.088220,0.000000,-55.624953,0.000000
0.000000,7.021436,-41.016829,0.000000,-55.615634,0.000000
0.000000,6.941313,-40.945610,0.000000,-55.606462,0.000000
0.000000,6.861506,-40.874561,0.000000,-55.597436,0.000000
0.000000,6.782013,-40.803682,0.000000,-55.588555,0.000000
0.000000,6.702833,-40.732973,0.000000,-55.579818,0.000000
0.000000,6.623964,-40.662432,0.000000,-55.571224,0.000000
0.000000,6.545402,-40.592058,0.000000,-55.562772,0.000000
0.000000,6.467145,-40.521849,0.000000,-55.554461,0.000000
0.000000,6.389190,-40.451804,0.000000,-55.546289,0.000000
0.000000,6.311534,-40.381919,0.000000,-55.538255,0.000000
0.000000,6.234172,-40.312193,0.000000,-55.530359,0.000000
0.000000,6.157101,-40.242623,0.000000,-55.522598,0.000000
0.000000,6.080317,-40.173206,0.000000,-55.514972,0.000000
0.000000,6.003814,-40.103938,0.000000,-55.507479,0.000000
0.000000,5.927589,-40.034815,0.000000,-55.500119,0.000000
0.000000,5.851635,-39.965835,0.000000,-55.492889,0.000000
0.000000,5.775948,-39.896993,0.000000,-55.485788,0.000000
0.000000,5.700522,-39.828285,0.000000,-55.478815,0.000000
0.000000,5.625351,-39.759706,0.000000,-55.471969,0.000000
0.000000,5.550429,-39.691252,0.000000,-55.465248,0.000000
0.000000,5.475750,-39.622917,0.000000,-55.458650,0.000000
0.000000,5.401307,-39.554697,0.000000,-55.452175,0.000000
0.000000,5.327094,-39.486587,0.000000,-55.445822,0.000000
0.000000,5.253104,-39.418580,0.000000,-55.439587,0.000000
0.000000,5.179330,-39.350671,0.000000,-55.433471,0.000000
0.000000,5.105764,-39.282855,0.000000,-55.427472,0.000000
0.000000,5.032400,-39.215125,0.000000,-55.421589,0.000000
0.000000,4.959229,-39.147476,0.000000,-55.415819,0.000000
0.000000,4.886244,-39.079900,0.000000,-55.410162,0.000000
0.000000,4.813438,-39.012392,0.000000,-55.404617,0.000000
0.000000,4.740802,-38.944945,0.000000,-55.399182,0.000000
0.000000,4.668329,-38.877552,0.000000,-55.393856,0.000000
0.000000,4.596010,-38.810206,0.000000,-55.388637,0.000000
0.000000,4.523838,-38.742901,0.000000,-55.383524,0.000000
0.000000,4.451803,-38.675629,0.000000,-55.378516,0.000000
0.000000,4.379898,-38.608384,0.000000,-55.373612,0.000000
0.000000,4.308115,-38.541158,0.000000,-55.368810,0.000000
0.000000,4.236444,-38.473943,0.000000,-55.364110,0.000000
0.000000,4.164878,-38.406734,0.000000,-55.359509,0.000000
0.000000,4.093408,-38.339522,0.000000,-55.355008,0.000000
0.000000,4.022025,-38.272300,0.000000,-55.350605,0.000000
0.000000,3.950722,-38.205060,0.000000,-55.346298,0.000000
0.000000,3.879489,-38.137795,0.000000,-55.342087,0.000000
0.000000,3.808318,-38.070498,0.000000,-55.337971,0.000000
0.000000,3.737200,-38.003161,0.000000,-55.333948,0.000000
0.000000,3.666128,-37.935776,0.000000,-55.330018,0.000000
0.000000,3.595093,-37.868337,0.000000,-55.326180,0.000000
0.000000,3.524086,-37.800835,0.000000,-55.322433,0.000000
0.000000,3.453099,-37.733263,0.000000,-55.318776,0.000000
0.000000,3.382124,-37.665614,0.000000,-55.315208,0.000000
0.000000,3.311153,-37.597880,0.000000,-55.311728,0.000000
0.000000,3.240178,-37.530055,0.000000,-55.308336,0.000000
0.000000,3.169190,-37.462130,0.000000,-55.305031,0.000000
0.000000,3.098183,-37.394099,0.000000,-55.301813,0.000000
0.000000,3.027148,-37.325955,0.000000,-55.298680,0.000000
0.000000,2.956077,-37.257689,0.000000,-55.295632,0.000000
0.000000,2.884963,-37.189297,0.000000,-55.292668,0.000000
0.000000,2.813800,-37.120770,0.000000,-55.289789,0.000000
0.000000,2.742578,-37.052102,0.000000,-55.286992,0.000000
0.000000,2.671292,-36.983286,0.000000,-55.284279,0.000000
0.000000,2.599935,-36.914315,0.000000,-55.281648,0.000000
0.000000,2.528499,-36.845185,0.000000,-55.279099,0.000000
0.000000,2.456978,-36.775887,0.000000,-55.276632,0.000000
0.000000,2.385366,-36.706416,0.000000,-55.274246,0.000000
0.000000,2.313656,-36.636765,0.000000,-55.271942,0.000000
0.000000,2.241842,-36.566930,0.000000,-55.269718,0.000000
0.000000,2.169919,-36.496904,0.000000,-55.267575,0.000000
0.000000,2.097881,-36.426682,0.000000,-55.265513,0.000000
0.000000,2.025721,-36.356259,0.000000,-55.263531,0.000000
0.000000,1.953436,-36.285628,0.000000,-55.261629,0.000000
0.000000,1.881019,-36.214786,0.000000,-55.259807,0.000000
0.000000,1.808466,-36.143727,0.000000,-55.258066,0.000000
0.000000,1.735772,-36.072446,0.000000,-55.256404,0.000000
0.000000,1.662933,-36.000940,0.000000,-55.254822,0.000000
0.000000,1.589944,-35.929204,0.000000,-55.253321,0.000000
0.000000,1.516802,-35.857233,0.000000,-55.251899,0.000000
0.000000,1.443502,-35.785024,0.000000,-55.250558,0.000000
0.000000,1.370042,-35.712574,0.000000,-55.249298,0.000000
0.000000,1.296417,-35.639878,0.000000,-55.248117,0.000000
0.000000,1.222625,-35.566933,0.000000,-55.247018,0.000000
0.000000,1.148663,-35.493737,0.000000,-55.245999,0.000000
0.000000,1.074528,-35.420287,0.000000,-55.245062,0.000000
0.000000,1.000218,-35.346579,0.000000,-55.244205,0.000000
0.000000,0.925730,-35.272612,0.000000,-55.243431,0.000000
0.000000,0.851064,-35.198383,0.000000,-55.242738,0.000000
0.000000,0.776216,-35.123891,0.000000,-55.242127,0.000000
0.000000,0.701186,-35.049133,0.000000,-55.241599,0.000000
0.000000,0.625973,-34.974108,0.000000,-55.241153,0.000000
0.000000,0.550575,-34.898815,0.000000,-55.240791,0.000000
0.000000,0.474992,-34.823253,0.000000,-55.240512,0.000000
0.000000,0.399223,-34.747420,0.000000,-55.240317,0.000000
0.000000,0.323269,-34.671317,0.000000,-55.240206,0.000000
0.000000,0.247128,-34.594943,0.000000,-55.240180,0.000000
0.000000,0.170803,-34.518297,0.000000,-55.240239,0.000000
0.000000,0.094291,-34.441380,0.000000,-55.240383,0.000000
0.000000,0.017596,-34.364193,0.000000,-55.240613,0.000000
0.000000,-0.059283,-34.286734,0.000000,-55.240929,0.000000
0.000000,-0.136344,-34.209007,0.000000,-55.241332,0.000000
0.000000,-0.213587,-34.131010,0.000000,-55.241822,0.000000
0.000000,-0.291008,-34.052746,0.000000,-55.242400,0.000000
0.000000,-0.368607,-33.974216,0.000000,-55.243066,0.000000
0.000000,-0.446382,-33.895421,0.000000,-55.243820,0.000000
0.000000,-0.524330,-33.816364,0.000000,-55.244662,0.000000
0.000000,-0.602448,-33.737046,0.000000,-55.245594,0.000000
0.000000,-0.680735,-33.657469,0.000000,-55.246616,0.000000
0.000000,-0.759187,-33.577637,0.000000,-55.247728,0.000000
0.000000,-0.837801,-33.497551,0.000000,-55.248931,0.000000
0.000000,-0.916574,-33.417215,0.000000,-55.250224,0.000000
0.000000,-0.995502,-33.336632,0.000000,-55.251609,0.000000
0.000000,-1.074582,-33.255804,0.000000,-55.253085,0.000000
0.000000,-1.153810,-33.174735,0.000000,-55.254654,0.000000
0.000000,-1.233183,-33.093430,0.000000,-55.256315,0.000000
0.000000,-1.312695,-33.011891,0.000000,-55.258069,0.000000
0.000000,-1.392343,-32.930122,0.000000,-55.259917,0.000000
0.000000,-1.472122,-32.848129,0.000000,-55.261857,0.000000
0.000000,-1.552027,-32.765914,0.000000,-55.263892,0.000000
0.000000,-1.632054,-32.683483,0.000000,-55.266021,0.000000
0.000000,-1.712198,-32.600840,0.000000,-55.268245,0.000000
0.000000,-1.792454,-32.517990,0.000000,-55.270563,0.000000
0.000000,-1.872816,-32.434938,0.000000,-55.272977,0.000000
0.000000,-1.953280,-32.351688,0.000000,-55.275485,0.000000
0.000000,-2.033840,-32.268247,0.000000,-55.278090,0.000000
0.000000,-2.114490,-32.184619,0.000000,-55.280790,0.000000
0.000000,-2.195225,-32.100810,0.000000,-55.283586,0.000000
0.000000,-2.276038,-32.016825,0.000000,-55.286478,0.000000
0.000000,-2.356926,-31.932670,0.000000,-55.289467,0.000000
0.000000,-2.437880,-31.848351,0.000000,-55.292552,0.000000
0.000000,-2.518896,-31.763874,0.000000,-55.295734,0.000000
0.000000,-2.599967,-31.679245,0.000000,-55.299012,0.000000
0.000000,-2.681087,-31.594469,0.000000,-55.302388,0.000000
0.000000,-2.762250,-31.509553,0.000000,-55.305860,0.000000
0.000000,-2.843451,-31.424504,0.000000,-55.309428,0.000000
0.000000,-2.924681,-31.339326,0.000000,-55.313094,0.000000
0.000000,-3.005936,-31.254028,0.000000,-55.316857,0.000000
0.000000,-3.087208,-31.168614,0.000000,-55.320716,0.000000
0.000000,-3.168492,-31.083092,0.000000,-55.324672,0.000000
0.000000,-3.249781,-30.997468,0.000000,-55.328725,0.000000
0.000000,-3.331069,-30.911749,0.000000,-55.332875,0.000000
0.000000,-3.412349,-30.825941,0.000000,-55.337121,0.000000
0.000000,-3.493614,-30.740050,0.000000,-55.341463,0.000000
0.000000,-3.574860,-30.654084,0.000000,-55.345901,0.000000
0.000000,-3.656078,-30.568049,0.000000,-55.350436,0.000000
0.000000,-3.737262,-30.481951,0.000000,-55.355066,0.000000
0.000000,-3.818408,-30.395797,0.000000,-55.359792,0.000000
0.000000,-3.899507,-30.309594,0.000000,-55.364613,0.000000
0.000000,-3.980553,-30.223349,0.000000,-55.369529,0.000000
0.000000,-4.061542,-30.137067,0.000000,-55.374540,0.000000
0.000000,-4.142465,-30.050755,0.000000,-55.379645,0.000000
0.000000,-4.223318,-29.964420,0.000000,-55.384844,0.000000
0.000000,-4.304094,-29.878068,0.000000,-55.390137,0.000000
0.000000,-4.384787,-29.791706,0.000000,-55.395524,0.000000
0.000000,-4.465392,-29.705339,0.000000,-55.401003,0.000000
0.000000,-4.545902,-29.618975,0.000000,-55.406575,0.000000
0.000000,-4.626311,-29.532619,0.000000,-55.412239,0.000000
0.000000,-4.706615,-29.446277,0.000000,-55.417994,0.000000
0.000000,-4.786807,-29.359956,0.000000,-55.423841,0.000000
0.000000,-4.866882,-29.273661,0.000000,-55.429779,0.000000
0.000000,-4.946835,-29.187398,0.000000,-55.435807,0.000000
0.000000,-5.026661,-29.101173,0.000000,-55.441925,0.000000
0.000000,-5.106354,-29.014992,0.000000,-55.448132,0.000000
0.000000,-5.185909,-28.928860,0.000000,-55.454427,0.000000
0.000000,-5.265322,-28.842782,0.000000,-55.460811,0.000000
0.000000,-5.344588,-28.756764,0.000000,-55.467282,0.000000
0.000000,-5.423703,-28.670811,0.000000,-55.473841,0.000000
0.000000,-5.502661,-28.584927,0.000000,-55.480485,0.000000
0.000000,-5.581459,-28.499119,0.000000,-55.487216,0.000000
0.000000,-5.660092,-28.413390,0.000000,-55.494032,0.000000
0.000000,-5.738557,-28.327745,0.000000,-55.500933,0.000000
0.000000,-5.816850,-28.242189,0.000000,-55.507917,0.000000
0.000000,-5.894967,-28.156726,0.000000,-55.514986,0.000000
0.000000,-5.972904,-28.071360,0.000000,-55.522137,0.000000
0.000000,-6.050658,-27.986094,0.000000,-55.529370,0.000000
0.000000,-6.128227,-27.900934,0.000000,-55.536685,0.000000
0.000000,-6.205606,-27.815881,0.000000,-55.544080,0.000000
0.000000,-6.282794,-27.730941,0.000000,-55.551557,0.000000
0.000000,-6.359788,-27.646115,0.000000,-55.559112,0.000000
0.000000,-6.436584,-27.561408,0.000000,-55.566747,0.000000
0.000000,-6.513182,-27.476822,0.000000,-55.574461,0.000000
0.000000,-6.589579,-27.392359,0.000000,-55.582252,0.000000
0.000000,-6.665772,-27.308022,0.000000,-55.590121,0.000000
0.000000,-6.741761,-27.223815,0.000000,-55.598066,0.000000
0.000000,-6.817544,-27.139737,0.000000,-55.606087,0.000000
0.000000,-6.893119,-27.055793,0.000000,-55.614183,0.000000
0.000000,-6.968485,-26.971982,0.000000,-55.622355,0.000000
0.000000,-7.043642,-26.888308,0.000000,-55.630601,0.000000
0.000000,-7.118588,-26.804770,0.000000,-55.638920,0.000000
0.000000,-7.193324,-26.721371,0.000000,-55.647312,0.000000
0.000000,-7.267849,-26.638111,0.000000,-55.655778,0.000000
0.000000,-7.342162,-26.554990,0.000000,-55.664315,0.000000
0.000000,-7.416264,-26.472010,0.000000,-55.672923,0.000000
0.000000,-7.490154,-26.389171,0.000000,-55.681603,0.000000
0.000000,-7.563835,-26.306472,0.000000,-55.690353,0.000000
0.000000,-7.637305,-26.223913,0.000000,-55.699173,0.000000
0.000000,-7.710566,-26.141495,0.000000,-55.708063,0.000000
0.000000,-7.783619,-26.059216,0.000000,-55.717022,0.000000
0.000000,-7.856465,-25.977076,0.000000,-55.726050,0.000000
0.000000,-7.929105,-25.895073,0.000000,-55.735146,0.000000
0.000000,-8.001542,-25.813207,0.000000,-55.744310,0.000000
0.000000,-8.073776,-25.731476,0.000000,-55.753541,0.000000
0.000000,-8.145810,-25.649878,0.000000,-55.762840,0.000000
0.000000,-8.217646,-25.568412,0.000000,-55.772206,0.000000
0.000000,-8.289287,-25.487076,0.000000,-55.781638,0.000000
0.000000,-8.360734,-25.405867,0.000000,-55.791137,0.000000
0.000000,-8.431991,-25.324783,0.000000,-55.800702,0.000000
0.000000,-8.503059,-25.243821,0.000000,-55.810332,0.000000
0.000000,-8.573944,-25.162979,0.000000,-55.820028,0.000000
0.000000,-8.644647,-25.082253,0.000000,-55.829790,0.000000
0.000000,-8.715171,-25.001640,0.000000,-55.839617,0.000000
0.000000,-8.785521,-24.921137,0.000000,-55.849510,0.000000
0.000000,-8.855701,-24.840741,0.000000,-55.859467,0.000000
0.000000,-8.925713,-24.760446,0.000000,-55.869490,0.000000
0.000000,-8.995562,-24.680250,0.000000,-55.879578,0.000000
0.000000,-9.065252,-24.600149,0.000000,-55.889731,0.000000
0.000000,-9.134788,-24.520137,0.000000,-55.899949,0.000000
0.000000,-9.204173,-24.440211,0.000000,-55.910232,0.000000
0.000000,-9.273412,-24.360365,0.000000,-55.920580,0.000000
0.000000,-9.342511,-24.280596,0.000000,-55.930993,0.000000
0.000000,-9.411473,-24.200898,0.000000,-55.941472,0.000000
0.000000,-9.480305,-24.121266,0.000000,-55.952017,0.000000
0.000000,-9.549010,-24.041694,0.000000,-55.962627,0.000000
0.000000,-9.617593,-23.962178,0.000000,-55.973304,0.000000
0.000000,-9.686062,-23.882712,0.000000,-55.984047,0.000000
0.000000,-9.754419,-23.803289,0.000000,-55.994856,0.000000
0.000000,-9.822672,-23.723905,0.000000,-56.005733,0.000000
0.000000,-9.890826,-23.644554,0.000000,-56.016676,0.000000
0.000000,-9.958885,-23.565228,0.000000,-56.027687,0.000000
0.000000,-10.026857,-23.485923,0.000000,-56.038767,0.000000
0.000000,-10.094747,-23.406632,0.000000,-56.049914,0.000000
0.000000,-10.162560,-23.327348,0.000000,-56.061131,0.000000
0.000000,-10.230303,-23.248065,0.000000,-56.072417,0.000000
0.000000,-10.297982,-23.168777,0.000000,-56.083773,0.000000
0.000000,-10.365603,-23.089477,0.000000,-56.095200,0.000000
0.000000,-10.433171,-23.010158,0.000000,-56.106698,0.000000
0.000000,-10.500694,-22.930814,0.000000,-56.118267,0.000000
0.000000,-10.568176,-22.851437,0.000000,-56.129909,0.000000
0.000000,-10.635625,-22.772021,0.000000,-56.141624,0.000000
0.000000,-10.703047,-22.692558,0.000000,-56.153412,0.000000
0.000000,-10.770448,-22.613042,0.000000,-56.165274,0.000000
0.000000,-10.837834,-22.533466,0.000000,-56.177212,0.000000
0.000000,-10.905212,-22.453823,0.000000,-56.189226,0.000000
0.000000,-10.972587,-22.374105,0.000000,-56.201316,0.000000
0.000000,-11.039967,-22.294306,0.000000,-56.213483,0.000000
0.000000,-11.107357,-22.214418,0.000000,-56.225729,0.000000
0.000000,-11.174764,-22.134435,0.000000,-56.238054,0.000000
0.000000,-11.242194,-22.054348,0.000000,-56.250458,0.000000
0.000000,-11.309654,-21.974151,0.000000,-56.262944,0.000000
0.000000,-11.377148,-21.893838,0.000000,-56.275511,0.000000
0.000000,-11.444685,-21.813400,0.000000,-56.288160,0.000000
0.000000,-11.512269,-21.732830,0.000000,-56.300893,0.000000
0.000000,-11.579906,-21.652123,0.000000,-56.313711,0.000000
0.000000,-11.647604,-21.571270,0.000000,-56.326614,0.000000
0.000000,-11.715367,-21.490265,0.000000,-56.339603,0.000000
0.000000,-11.783202,-21.409101,0.000000,-56.352679,0.000000
0.000000,-11.851115,-21.327771,0.000000,-56.365844,0.000000
0.000000,-11.919110,-21.246269,0.000000,-56.379098,0.000000
0.000000,-11.987195,-21.164587,0.000000,-56.392442,0.000000
0.000000,-12.055374,-21.082720,0.000000,-56.405877,0.000000
0.000000,-12.123653,-21.000660,0.000000,-56.419405,0.000000
0.000000,-12.192037,-20.918401,0.000000,-56.433026,0.000000
0.000000,-12.260531,-20.835937,0.000000,-56.446742,0.000000
0.000000,-12.329142,-20.753262,0.000000,-56.460553,0.000000
0.000000,-12.397873,-20.670369,0.000000,-56.474460,0.000000
0.000000,-12.466730,-20.587253,0.000000,-56.488464,0.000000
0.000000,-12.535717,-20.503908,0.000000,-56.502567,0.000000
0.000000,-12.604840,-20.420328,0.000000,-56.516769,0.000000
0.000000,-12.674103,-20.336507,0.000000,-56.531072,0.000000
0.000000,-12.743509,-20.252441,0.000000,-56.545476,0.000000
0.000000,-12.813065,-20.168123,0.000000,-56.559983,0.000000
0.000000,-12.882773,-20.083548,0.000000,-56.574593,0.000000
0.000000,-12.952637,-19.998713,0.000000,-56.589307,0.000000
0.000000,-13.022662,-19.913611,0.000000,-56.604127,0.000000
0.000000,-13.092852,-19.828238,0.000000,-56.619053,0.000000
0.000000,-13.163209,-19.742590,0.000000,-56.634087,0.000000
0.000000,-13.233737,-19.656662,0.000000,-56.649229,0.000000
0.000000,-13.304440,-19.570450,0.000000,-56.664479,0.000000
0.000000,-13.375319,-19.483951,0.000000,-56.679840,0.000000
0.000000,-13.446379,-19.397160,0.000000,-56.695312,0.000000
0.000000,-13.517622,-19.310074,0.000000,-56.710895,0.000000
0.000000,-13.589051,-19.222690,0.000000,-56.726591,0.000000
0.000000,-13.660667,-19.135004,0.000000,-56.742401,0.000000
0.000000,-13.732473,-19.047013,0.000000,-56.758324,0.000000
0.000000,-13.804471,-18.958716,0.000000,-56.774363,0.000000
0.000000,-13.876663,-18.870108,0.000000,-56.790517,0.000000
0.000000,-13.949050,-18.781188,0.000000,-56.806788,0.000000
0.000000,-14.021634,-18.691954,0.000000,-56.823176,0.000000
0.000000,-14.094416,-18.602404,0.000000,-56.839681,0.000000
0.000000,-14.167397,-18.512537,0.000000,-56.856305,0.000000
0.000000,-14.240578,-18.422350,0.000000,-56.873047,0.000000
0.000000,-14.313959,-18.331842,0.000000,-56.889910,0.000000
0.000000,-14.387541,-18.241014,0.000000,-56.906892,0.000000
0.000000,-14.461325,-18.149863,0.000000,-56.923995,0.000000
0.000000,-14.535309,-18.058389,0.000000,-56.941218,0.000000
0.000000,-14.609495,-17.966593,0.000000,-56.958563,0.000000
0.000000,-14.683882,-17.874473,0.000000,-56.976030,0.000000
0.000000,-14.758469,-17.782031,0.000000,-56.993619,0.000000
0.000000,-14.833256,-17.689266,0.000000,-57.011330,0.000000
0.000000,-14.908241,-17.596180,0.000000,-57.029164,0.000000
0.000000,-14.983424,-17.502772,0.000000,-57.047120,0.000000
0.000000,-15.058803,-17.409045,0.000000,-57.065200,0.000000
0.000000,-15.134378,-17.315000,0.000000,-57.083403,0.000000
0.000000,-15.210145,-17.220638,0.000000,-57.101729,0.000000
0.000000,-15.286104,-17.125960,0.000000,-57.120178,0.000000
0.000000,-15.362252,-17.030970,0.000000,-57.138750,0.000000
0.000000,-15.438587,-16.935669,0.000000,-57.157446,0.000000
0.000000,-15.515107,-16.840060,0.000000,-57.176265,0.000000
0.000000,-15.591809,-16.744146,0.000000,-57.195207,0.000000
0.000000,-15.668690,-16.647929,0.000000,-57.214272,0.000000
0.000000,-15.745748,-16.551413,0.000000,-57.233459,0.000000
0.000000,-15.822978,-16.454601,0.000000,-57.252768,0.000000
0.000000,-15.900379,-16.357497,0.000000,-57.272200,0.000000
0.000000,-15.977946,-16.260105,0.000000,-57.291753,0.000000
0.000000,-16.055676,-16.162428,0.000000,-57.311427,0.000000
0.000000,-16.133565,-16.064471,0.000000,-57.331222,0.000000
0.000000,-16.211609,-15.966239,0.000000,-57.351138,0.000000
0.000000,-16.289804,-15.867735,0.000000,-57.371173,0.000000
0.000000,-16.368146,-15.768966,0.000000,-57.391327,0.000000
0.000000,-16.446631,-15.669935,0.000000,-57.411599,0.000000
0.000000,-16.525253,-15.570649,0.000000,-57.431989,0.000000
0.000000,-16.604008,-15.471112,0.000000,-57.452496,0.000000
0.000000,-16.682892,-15.371330,0.000000,-57.473119,0.000000
0.000000,-16.761900,-15.271310,0.000000,-57.493858,0.000000
0.000000,-16.841026,-15.171056,0.000000,-57.514711,0.000000
0.000000,-16.920265,-15.070576,0.000000,-57.535677,0.000000
0.000000,-16.999612,-14.969875,0.000000,-57.556756,0.000000
0.000000,-17.079061,-14.868959,0.000000,-57.577946,0.000000
0.000000,-17.158608,-14.767836,0.000000,-57.599247,0.000000
0.000000,-17.238246,-14.666512,0.000000,-57.620658,0.000000
0.000000,-17.317971,-14.564994,0.000000,-57.642176,0.000000
0.000000,-17.397775,-14.463288,0.000000,-57.663802,0.000000
0.000000,-17.477653,-14.361403,0.000000,-57.685534,0.000000
0.000000,-17.557600,-14.259345,0.000000,-57.707370,0.000000
0.000000,-17.637609,-14.157121,0.000000,-57.729309,0.000000
0.000000,-17.717674,-14.054739,0.000000,-57.751350,0.000000
0.000000,-17.797789,-13.952206,0.000000,-57.773492,0.000000
0.000000,-17.877948,-13.849530,0.000000,-57.795733,0.000000
0.000000,-17.958145,-13.746718,0.000000,-57.818072,0.000000
0.000000,-18.038373,-13.643779,0.000000,-57.840507,0.000000
0.000000,-18.118627,-13.540720,0.000000,-57.863037,0.000000
0.000000,-18.198899,-13.437549,0.000000,-57.885661,0.000000
0.000000,-18.279184,-13.334274,0.000000,-57.908376,0.000000
0.000000,-18.359475,-13.230903,0.000000,-57.931181,0.000000
0.000000,-18.439766,-13.127443,0.000000,-57.954075,0.000000
0.000000,-18.520050,-13.023903,0.000000,-57.977055,0.000000
0.000000,-18.600322,-12.920291,0.000000,-58.000121,0.000000
0.000000,-18.680575,-12.816614,0.000000,-58.023271,0.000000
0.000000,-18.760802,-12.712881,0.000000,-58.046503,0.000000
0.000000,-18.840997,-12.609100,0.000000,-58.069815,0.000000
0.000000,-18.921154,-12.505278,0.000000,-58.093206,0.000000
0.000000,-19.001267,-12.401424,0.000000,-58.116673,0.000000
0.000000,-19.081330,-12.297546,0.000000,-58.140216,0.000000
0.000000,-19.161336,-12.193651,0.000000,-58.163832,0.000000
0.000000,-19.241280,-12.089746,0.000000,-58.187519,0.000000
0.000000,-19.321155,-11.985841,0.000000,-58.211277,0.000000
0.000000,-19.400956,-11.881943,0.000000,-58.235103,0.000000
0.000000,-19.480676,-11.778058,0.000000,-58.258995,0.000000
0.000000,-19.560311,-11.674195,0.000000,-58.282952,0.000000
0.000000,-19.639854,-11.570361,0.000000,-58.306972,0.000000
0.000000,-19.719300,-11.466564,0.000000,-58.331053,0.000000
0.000000,-19.798643,-11.362810,0.000000,-58.355194,0.000000
0.000000,-19.877878,-11.259106,0.000000,-58.379393,0.000000
0.000000,-19.957000,-11.155460,0.000000,-58.403647,0.000000
0.000000,-20.036004,-11.051879,0.000000,-58.427957,0.000000
0.000000,-20.114884,-10.948368,0.000000,-58.452319,0.000000
0.000000,-20.193637,-10.844934,0.000000,-58.476732,0.000000
0.000000,-20.272257,-10.741584,0.000000,-58.501194,0.000000
0.000000,-20.350740,-10.638324,0.000000,-58.525705,0.000000
0.000000,-20.429081,-10.535160,0.000000,-58.550261,0.000000
0.000000,-20.507276,-10.432098,0.000000,-58.574863,0.000000
0.000000,-20.585321,-10.329142,0.000000,-58.599508,0.000000
0.000000,-20.663213,-10.226299,0.000000,-58.624194,0.000000
0.000000,-20.740947,-10.123574,0.000000,-58.648921,0.000000
0.000000,-20.818520,-10.020971,0.000000,-58.673688,0.000000
0.000000,-20.895928,-9.918495,0.000000,-58.698491,0.000000
0.000000,-20.973169,-9.816152,0.000000,-58.723331,0.000000
0.000000,-21.050240,-9.713944,0.000000,-58.748206,0.000000
0.000000,-21.127137,-9.611877,0.000000,-58.773115,0.000000
0.000000,-21.203858,-9.509953,0.000000,-58.798056,0.000000
0.000000,-21.280401,-9.408177,0.000000,-58.823028,0.000000
0.000000,-21.356764,-9.306552,0.000000,-58.848032,0.000000
0.000000,-21.432944,-9.205080,0.000000,-58.873064,0.000000
0.000000,-21.508940,-9.103764,0.000000,-58.898125,0.000000
0.000000,-21.584751,-9.002607,0.000000,-58.923213,0.000000
0.000000,-21.660375,-8.901611,0.000000,-58.948328,0.000000
0.000000,-21.735811,-8.800777,0.000000,-58.973469,0.000000
0.000000,-21.811058,-8.700108,0.000000,-58.998635,0.000000
0.000000,-21.886115,-8.599604,0.000000,-59.023825,0.000000
0.000000,-21.960983,-8.499267,0.000000,-59.049039,0.000000
0.000000,-22.035661,-8.399097,0.000000,-59.074277,0.000000
0.000000,-22.110150,-8.299094,0.000000,-59.099537,0.000000
0.000000,-22.184449,-8.199259,0.000000,-59.124820,0.000000
0.000000,-22.258559,-8.099591,0.000000,-59.150125,0.000000
0.000000,-22.332480,-8.000090,0.000000,-59.175453,0.000000
0.000000,-22.406215,-7.900754,0.000000,-59.200802,0.000000
0.000000,-22.479765,-7.801583,0.000000,-59.226173,0.000000
0.000000,-22.553130,-7.702575,0.000000,-59.251565,0.000000
0.000000,-22.626312,-7.603727,0.000000,-59.276980,0.000000
0.000000,-22.699315,-7.505039,0.000000,-59.302416,0.000000
0.000000,-22.772139,-7.406507,0.000000,-59.327875,0.000000
0.000000,-22.844787,-7.308128,0.000000,-59.353357,0.000000
0.000000,-22.917263,-7.209900,0.000000,-59.378862,0.000000
0.000000,-22.989569,-7.111819,0.000000,-59.404390,0.000000
0.000000,-23.061708,-7.013881,0.000000,-59.429943,0.000000
0.000000,-23.133683,-6.916081,0.000000,-59.455520,0.000000
0.000000,-23.205500,-6.818416,0.000000,-59.481123,0.000000
0.000000,-23.277160,-6.720881,0.000000,-59.506752,0.000000
0.000000,-23.348669,-6.623470,0.000000,-59.532409,0.000000
0.000000,-23.420031,-6.526178,0.000000,-59.558094,0.000000
0.000000,-23.491250,-6.429000,0.000000,-59.583809,0.000000
0.000000,-23.562332,-6.331929,0.000000,-59.609555,0.000000
0.000000,-23.633280,-6.234959,0.000000,-59.635333,0.000000
0.000000,-23.704101,-6.138084,0.000000,-59.661144,0.000000
0.000000,-23.774800,-6.041296,0.000000,-59.686990,0.000000
0.000000,-23.845383,-5.944588,0.000000,-59.712872,0.000000
0.000000,-23.915855,-5.847954,0.000000,-59.738793,0.000000
0.000000,-23.986222,-5.751384,0.000000,-59.764754,0.000000
0.000000,-24.056491,-5.654871,0.000000,-59.790756,0.000000
0.000000,-24.126669,-5.558408,0.000000,-59.816801,0.000000
0.000000,-24.196760,-5.461984,0.000000,-59.842892,0.000000
0.000000,-24.266773,-5.365591,0.000000,-59.869031,0.000000
0.000000,-24.336715,-5.269221,0.000000,-59.895220,0.000000
0.000000,-24.406591,-5.172864,0.000000,-59.921460,0.000000
0.000000,-24.476411,-5.076510,0.000000,-59.947754,0.000000
0.000000,-24.546180,-4.980149,0.000000,-59.974105,0.000000
0.000000,-24.615907,-4.883772,0.000000,-60.000515,0.000000
0.000000,-24.685599,-4.787369,0.000000,-60.026987,0.000000
0.000000,-24.755264,-4.690928,0.000000,-60.053523,0.000000
0.000000,-24.824910,-4.594440,0.000000,-60.080125,0.000000
0.000000,-24.894544,-4.497893,0.000000,-60.106797,0.000000
0.000000,-24.964176,-4.401278,0.000000,-60.133542,0.000000
0.000000,-25.033813,-4.304582,0.000000,-60.160361,0.000000
0.000000,-25.103463,-4.207794,0.000000,-60.187259,0.000000
0.000000,-25.173136,-4.110903,0.000000,-60.214237,0.000000
0.000000,-25.242838,-4.013898,0.000000,-60.241300,0.000000
0.000000,-25.312579,-3.916767,0.000000,-60.268449,0.000000
0.000000,-25.382368,-3.819499,0.000000,-60.295689,0.000000
0.000000,-25.452213,-3.722080,0.000000,-60.323022,0.000000
0.000000,-25.522122,-3.624501,0.000000,-60.350452,0.000000
0.000000,-25.592104,-3.526748,0.000000,-60.377982,0.000000
0.000000,-25.662169,-3.428810,0.000000,-60.405614,0.000000
0.000000,-25.732324,-3.330674,0.000000,-60.433354,0.000000
0.000000,-25.802578,-3.232329,0.000000,-60.461203,0.000000
0.000000,-25.872940,-3.133763,0.000000,-60.489165,0.000000
0.000000,-25.943419,-3.034964,0.000000,-60.517243,0.000000
0.000000,-26.014023,-2.935919,0.000000,-60.545442,0.000000
0.000000,-26.084760,-2.836616,0.000000,-60.573764,0.000000
0.000000,-26.155640,-2.737044,0.000000,-60.602213,0.000000
0.000000,-26.226670,-2.637191,0.000000,-60.630792,0.000000
0.000000,-26.297860,-2.537044,0.000000,-60.659504,0.000000
0.000000,-26.369217,-2.436593,0.000000,-60.688354,0.000000
0.000000,-26.440749,-2.335825,0.000000,-60.717345,0.000000
0.000000,-26.512465,-2.234729,0.000000,-60.746479,0.000000
0.000000,-26.584372,-2.133293,0.000000,-60.775761,0.000000
0.000000,-26.656479,-2.031507,0.000000,-60.805193,0.000000
0.000000,-26.728793,-1.929359,0.000000,-60.834780,0.000000
0.000000,-26.801322,-1.826838,0.000000,-60.864524,0.000000
0.000000,-26.874073,-1.723933,0.000000,-60.894430,0.000000
0.000000,-26.947053,-1.620634,0.000000,-60.924499,0.000000
0.000000,-27.020270,-1.516931,0.000000,-60.954735,0.000000
0.000000,-27.093730,-1.412813,0.000000,-60.985142,0.000000
0.000000,-27.167440,-1.308271,0.000000,-61.015723,0.000000
0.000000,-27.241407,-1.203294,0.000000,-61.046481,0.000000
0.000000,-27.315637,-1.097875,0.000000,-61.077418,0.000000
0.000000,-27.390135,-0.992002,0.000000,-61.108538,0.000000
0.000000,-27.464909,-0.885669,0.000000,-61.139844,0.000000
0.000000,-27.539962,-0.778866,0.000000,-61.171338,0.000000
0.000000,-27.615302,-0.671585,0.000000,-61.203023,0.000000
0.000000,-27.690932,-0.563819,0.000000,-61.234902,0.000000
0.000000,-27.766858,-0.455560,0.000000,-61.266978,0.000000
0.000000,-27.843085,-0.346801,0.000000,-61.299252,0.000000
0.000000,-27.919616,-0.237535,0.000000,-61.331728,0.000000
0.000000,-27.996455,-0.127756,0.000000,-61.364408,0.000000
0.000000,-28.073607,-0.017458,0.000000,-61.397293,0.000000
0.000000,-28.151075,0.093364,0.000000,-61.430386,0.000000
0.000000,-28.228861,0.204715,0.000000,-61.463689,0.000000
0.000000,-28.306969,0.316601,0.000000,-61.497203,0.000000
0.000000,-28.385401,0.429025,0.000000,-61.530931,0.000000
0.000000,-28.464159,0.541991,0.000000,-61.564874,0.000000
0.000000,-28.543245,0.655502,0.000000,-61.599034,0.000000
0.000000,-28.622660,0.769562,0.000000,-61.633411,0.000000
0.000000,-28.702406,0.884172,0.000000,-61.668008,0.000000
0.000000,-28.782483,0.999334,0.000000,-61.702824,0.000000
0.000000,-28.862892,1.115049,0.000000,-61.737862,0.000000
0.000000,-28.943633,1.231320,0.000000,-61.773121,0.000000
0.000000,-29.024705,1.348145,0.000000,-61.808603,0.000000
0.000000,-29.106108,1.465525,0.000000,-61.844308,0.000000
0.000000,-29.187841,1.583458,0.000000,-61.880236,0.000000
0.000000,-29.269902,1.701945,0.000000,-61.916387,0.000000
0.000000,-29.352290,1.820982,0.000000,-61.952762,0.000000
0.000000,-29.435003,1.940568,0.000000,-61.989360,0.000000
0.000000,-29.518037,2.060700,0.000000,-62.026182,0.000000
0.000000,-29.601391,2.181375,0.000000,-62.063226,0.000000
0.000000,-29.685061,2.302588,0.000000,-62.100491,0.000000
0.000000,-29.769043,2.424335,0.000000,-62.137978,0.000000
0.000000,-29.853334,2.546612,0.000000,-62.175685,0.000000
0.000000,-29.937928,2.669412,0.000000,-62.213611,0.000000
0.000000,-30.022822,2.792730,0.000000,-62.251754,0.000000
0.000000,-30.108010,2.916559,0.000000,-62.290114,0.000000
0.000000,-30.193487,3.040892,0.000000,-62.328688,0.000000
0.000000,-30.279247,3.165722,0.000000,-62.367475,0.000000
0.000000,-30.365285,3.291039,0.000000,-62.406472,0.000000
0.000000,-30.451592,3.416836,0.000000,-62.445678,0.000000
0.000000,-30.538163,3.543104,0.000000,-62.485089,0.000000
0.000000,-30.624991,3.669832,0.000000,-62.524705,0.000000
0.000000,-30.712067,3.797010,0.000000,-62.564521,0.000000
0.000000,-30.799385,3.924628,0.000000,-62.604535,0.000000
0.000000,-30.886936,4.052674,0.000000,-62.644744,0.000000
0.000000,-30.974711,4.181137,0.000000,-62.685145,0.000000
0.000000,-31.062702,4.310005,0.000000,-62.725734,0.000000
0.000000,-31.150900,4.439265,0.000000,-62.766508,0.000000
0.000000,-31.239296,4.568904,0.000000,-62.807463,0.000000
0.000000,-31.327879,4.698909,0.000000,-62.848595,0.000000
0.000000,-31.416641,4.829266,0.000000,-62.889901,0.000000
0.000000,-31.505571,4.959960,0.000000,-62.931376,0.000000
0.000000,-31.594658,5.090977,0.000000,-62.973016,0.000000
0.000000,-31.683893,5.222302,0.000000,-63.014817,0.000000
0.000000,-31.773264,5.353920,0.000000,-63.056774,0.000000
0.000000,-31.862761,5.485815,0.000000,-63.098882,0.000000
0.000000,-31.952372,5.617971,0.000000,-63.141136,0.000000
0.000000,-32.042086,5.750372,0.000000,-63.183533,0.000000
0.000000,-32.131891,5.883001,0.000000,-63.226066,0.000000
0.000000,-32.221777,6.015841,0.000000,-63.268731,0.000000
0.000000,-32.311731,6.148877,0.000000,-63.311522,0.000000
0.000000,-32.401741,6.282089,0.000000,-63.354434,0.000000
0.000000,-32.491796,6.415462,0.000000,-63.397461,0.000000
0.000000,-32.581883,6.548977,0.000000,-63.440599,0.000000
0.000000,-32.671991,6.682618,0.000000,-63.483842,0.000000
0.000000,-32.762108,6.816365,0.000000,-63.527183,0.000000
0.000000,-32.852220,6.950202,0.000000,-63.570619,0.000000
0.000000,-32.942317,7.084111,0.000000,-63.614141,0.000000
0.000000,-33.032386,7.218073,0.000000,-63.657746,0.000000
0.000000,-33.122414,7.352072,0.000000,-63.701427,0.000000
0.000000,-33.212391,7.486088,0.000000,-63.745179,0.000000
0.000000,-33.302304,7.620105,0.000000,-63.788996,0.000000
0.000000,-33.392142,7.754105,0.000000,-63.832871,0.000000
0.000000,-33.481892,7.888070,0.000000,-63.876800,0.000000
0.000000,-33.571543,8.021984,0.000000,-63.920776,0.000000
0.000000,-33.661084,8.155828,0.000000,-63.964794,0.000000
0.000000,-33.750503,8.289587,0.000000,-64.008849,0.000000
0.000000,-33.839790,8.423243,0.000000,-64.052934,0.000000
0.000000,-33.928934,8.556780,0.000000,-64.097044,0.000000
0.000000,-34.017924,8.690183,0.000000,-64.141174,0.000000
0.000000,-34.106750,8.823435,0.000000,-64.185318,0.000000
0.000000,-34.195401,8.956522,0.000000,-64.229472,0.000000
0.000000,-34.283870,9.089429,0.000000,-64.273630,0.000000
0.000000,-34.372145,9.222141,0.000000,-64.317787,0.000000
0.000000,-34.460219,9.354645,0.000000,-64.361939,0.000000
0.000000,-34.548082,9.486927,0.000000,-64.406080,0.000000
0.000000,-34.635727,9.618975,0.000000,-64.450206,0.000000
0.000000,-34.723146,9.750776,0.000000,-64.494313,0.000000
0.000000,-34.810331,9.882321,0.000000,-64.538397,0.000000
0.000000,-34.897276,10.013596,0.000000,-64.582454,0.000000
0.000000,-34.983975,10.144594,0.000000,-64.626480,0.000000
0.000000,-35.070421,10.275303,0.000000,-64.670472,0.000000
0.000000,-35.156609,10.405717,0.000000,-64.714426,0.000000
0.000000,-35.242536,10.535827,0.000000,-64.758340,0.000000
0.000000,-35.328196,10.665626,0.000000,-64.802211,0.000000
0.000000,-35.413586,10.795109,0.000000,-64.846036,0.000000
0.000000,-35.498703,10.924270,0.000000,-64.889814,0.000000
0.000000,-35.583545,11.053106,0.000000,-64.933542,0.000000
0.000000,-35.668111,11.181613,0.000000,-64.977219,0.000000
0.000000,-35.752398,11.309789,0.000000,-65.020844,0.000000
0.000000,-35.836408,11.437633,0.000000,-65.064417,0.000000
0.000000,-35.920141,11.565145,0.000000,-65.107936,0.000000
0.000000,-36.003597,11.692327,0.000000,-65.151402,0.000000
0.000000,-36.086778,11.819179,0.000000,-65.194815,0.000000
0.000000,-36.169688,11.945707,0.000000,-65.238175,0.000000
0.000000,-36.252329,12.071913,0.000000,-65.281484,0.000000
0.000000,-36.334705,12.197805,0.000000,-65.324744,0.000000
0.000000,-36.416823,12.323388,0.000000,-65.367955,0.000000
0.000000,-36.498686,12.448671,0.000000,-65.411121,0.000000
0.000000,-36.580303,12.573662,0.000000,-65.454245,0.000000
0.000000,-36.661679,12.698374,0.000000,-65.497329,0.000000
0.000000,-36.742824,12.822816,0.000000,-65.540377,0.000000
0.000000,-36.823746,12.947003,0.000000,-65.583393,0.000000
0.000000,-36.904455,13.070949,0.000000,-65.626382,0.000000
0.000000,-36.984962,13.194670,0.000000,-65.669349,0.000000
0.000000,-37.065278,13.318182,0.000000,-65.712300,0.000000
0.000000,-37.145415,13.441504,0.000000,-65.755239,0.000000
0.000000,-37.225386,13.564655,0.000000,-65.798175,0.000000
0.000000,-37.305205,13.687656,0.000000,-65.841113,0.000000
0.000000,-37.384888,13.810530,0.000000,-65.884062,0.000000
0.000000,-37.464449,13.933300,0.000000,-65.927029,0.000000
0.000000,-37.543904,14.055990,0.000000,-65.970022,0.000000
0.000000,-37.623272,14.178627,0.000000,-66.013051,0.000000
0.000000,-37.702569,14.301238,0.000000,-66.056124,0.000000
0.000000,-37.781815,14.423851,0.000000,-66.099253,0.000000
0.000000,-37.861029,14.546496,0.000000,-66.142445,0.000000
0.000000,-37.940230,14.669205,0.000000,-66.185714,0.000000
0.000000,-38.019441,14.792009,0.000000,-66.229069,0.000000
0.000000,-38.098681,14.914941,0.000000,-66.272523,0.000000
0.000000,-38.177974,15.038036,0.000000,-66.316087,0.000000
0.000000,-38.257343,15.161329,0.000000,-66.359775,0.000000
0.000000,-38.336811,15.284857,0.000000,-66.403598,0.000000
0.000000,-38.416401,15.408658,0.000000,-66.447571,0.000000
0.000000,-38.496139,15.532769,0.000000,-66.491707,0.000000
0.000000,-38.576050,15.657230,0.000000,-66.536020,0.000000
0.000000,-38.656159,15.782081,0.000000,-66.580525,0.000000
0.000000,-38.736492,15.907363,0.000000,-66.625236,0.000000
0.000000,-38.817076,16.033117,0.000000,-66.670169,0.000000
0.000000,-38.897938,16.159387,0.000000,-66.715339,0.000000
0.000000,-38.979104,16.286214,0.000000,-66.760761,0.000000
0.000000,-39.060603,16.413643,0.000000,-66.806452,0.000000
0.000000,-39.142461,16.541716,0.000000,-66.852427,0.000000
0.000000,-39.224707,16.670480,0.000000,-66.898704,0.000000
0.000000,-39.307369,16.799976,0.000000,-66.945298,0.000000
0.000000,-39.390474,16.930252,0.000000,-66.992226,0.000000
0.000000,-39.474051,17.061351,0.000000,-67.039505,0.000000
0.000000,-39.558127,17.193317,0.000000,-67.087152,0.000000
0.000000,-39.642731,17.326197,0.000000,-67.135184,0.000000
0.000000,-39.727889,17.460033,0.000000,-67.183616,0.000000
0.000000,-39.813629,17.594871,0.000000,-67.232467,0.000000
0.000000,-39.899979,17.730754,0.000000,-67.281752,0.000000
0.000000,-39.986964,17.867726,0.000000,-67.331489,0.000000
0.000000,-40.074611,18.005828,0.000000,-67.381693,0.000000
0.000000,-40.162945,18.145103,0.000000,-67.432381,0.000000
0.000000,-40.251992,18.285591,0.000000,-67.483569,0.000000
0.000000,-40.341775,18.427333,0.000000,-67.535272,0.000000
0.000000,-40.432318,18.570366,0.000000,-67.587505,0.000000
0.000000,-40.523643,18.714729,0.000000,-67.640283,0.000000
0.000000,-40.615772,18.860456,0.000000,-67.693620,0.000000
0.000000,-40.708726,19.007583,0.000000,-67.747531,0.000000
0.000000,-40.802523,19.156142,0.000000,-67.802028,0.000000
0.000000,-40.897182,19.306163,0.000000,-67.857123,0.000000
0.000000,-40.992720,19.457676,0.000000,-67.912829,0.000000
0.000000,-41.089152,19.610706,0.000000,-67.969157,0.000000
0.000000,-41.186491,19.765277,0.000000,-68.026116,0.000000
0.000000,-41.284750,19.921412,0.000000,-68.083717,0.000000
0.000000,-41.383940,20.079128,0.000000,-68.141967,0.000000
0.000000,-41.484069,20.238443,0.000000,-68.200873,0.000000
0.000000,-41.585144,20.399368,0.000000,-68.260443,0.000000
0.000000,-41.687169,20.561914,0.000000,-68.320680,0.000000
0.000000,-41.790148,20.726088,0.000000,-68.381589,0.000000
0.000000,-41.894080,20.891892,0.000000,-68.443173,0.000000
0.000000,-41.998964,21.059325,0.000000,-68.505433,0.000000
0.000000,-42.104796,21.228384,0.000000,-68.568367,0.000000
0.000000,-42.211568,21.399060,0.000000,-68.631976,0.000000
0.000000,-42.319272,21.571339,0.000000,-68.696255,0.000000
0.000000,-42.427896,21.745206,0.000000,-68.761200,0.000000
0.000000,-42.537424,21.920639,0.000000,-68.826803,0.000000
0.000000,-42.647840,22.097611,0.000000,-68.893058,0.000000
0.000000,-42.759122,22.276093,0.000000,-68.959952,0.000000
0.000000,-42.871246,22.456047,0.000000,-69.027475,0.000000
0.000000,-42.984187,22.637434,0.000000,-69.095613,0.000000
0.000000,-43.097915,22.820206,0.000000,-69.164348,0.000000
0.000000,-43.212395,23.004314,0.000000,-69.233664,0.000000
0.000000,-43.327591,23.189699,0.000000,-69.303539,0.000000
0.000000,-43.443464,23.376299,0.000000,-69.373951,0.000000
0.000000,-43.559971,23.564047,0.000000,-69.444877,0.000000
0.000000,-43.677063,23.752867,0.000000,-69.516287,0.000000
0.000000,-43.794690,23.942679,0.000000,-69.588154,0.000000
0.000000,-43.912800,24.133399,0.000000,-69.660445,0.000000
0.000000,-44.031332,24.324933,0.000000,-69.733127,0.000000
0.000000,-44.150227,24.517184,0.000000,-69.806162,0.000000
0.000000,-44.269419,24.710046,0.000000,-69.879512,0.000000
0.000000,-44.388839,24.903409,0.000000,-69.953134,0.000000
0.000000,-44.508415,25.097157,0.000000,-70.026985,0.000000
0.000000,-44.628070,25.291165,0.000000,-70.101017,0.000000
0.000000,-44.747724,25.485305,0.000000,-70.175183,0.000000
0.000000,-44.867294,25.679441,0.000000,-70.249429,0.000000
0.000000,-44.986692,25.873430,0.000000,-70.323701,0.000000
0.000000,-45.105828,26.067126,0.000000,-70.397944,0.000000
0.000000,-45.224607,26.260374,0.000000,-70.472096,0.000000
0.000000,-45.342932,26.453014,0.000000,-70.546096,0.000000
0.000000,-45.460702,26.644881,0.000000,-70.619881,0.000000
0.000000,-45.577812,26.835803,0.000000,-70.693383,0.000000
0.000000,-45.694156,27.025606,0.000000,-70.766533,0.000000
0.000000,-45.809623,27.214106,0.000000,-70.839261,0.000000
0.000000,-45.924100,27.401118,0.000000,-70.911494,0.000000
0.000000,-46.037472,27.586450,0.000000,-70.983155,0.000000
0.000000,-46.149622,27.769908,0.000000,-71.054169,0.000000
0.000000,-46.260430,27.951293,0.000000,-71.124456,0.000000
0.000000,-46.369773,28.130403,0.000000,-71.193935,0.000000
0.000000,-46.477529,28.307032,0.000000,-71.262526,0.000000
0.000000,-46.583574,28.480972,0.000000,-71.330145,0.000000
0.000000,-46.687782,28.652014,0.000000,-71.396708,0.000000
0.000000,-46.790027,28.819947,0.000000,-71.462130,0.000000
0.000000,-46.890184,28.984560,0.000000,-71.526326,0.000000
0.000000,-46.988126,29.145640,0.000000,-71.589210,0.000000
0.000000,-47.083729,29.302976,0.000000,-71.650697,0.000000
0.000000,-47.176869,29.456360,0.000000,-71.710702,0.000000
0.000000,-47.267424,29.605586,0.000000,-71.769139,0.000000
0.000000,-47.355274,29.750448,0.000000,-71.825927,0.000000
0.000000,-47.440303,29.890749,0.000000,-71.880982,0.000000
0.000000,-47.522398,30.026296,0.000000,-71.934226,0.000000
0.000000,-47.601449,30.156901,0.000000,-71.985579,0.000000
0.000000,-47.677353,30.282386,0.000000,-72.034968,0.000000
0.000000,-47.750012,30.402581,0.000000,-72.082322,0.000000
0.000000,-47.819333,30.517327,0.000000,-72.127573,0.000000
0.000000,-47.885234,30.626477,0.000000,-72.170658,0.000000
0.000000,-47.947639,30.729897,0.000000,-72.211520,0.000000
0.000000,-48.006480,30.827471,0.000000,-72.250108,0.000000
0.000000,-48.061703,30.919097,0.000000,-72.286377,0.000000
0.000000,-48.113263,31.004693,0.000000,-72.320288,0.000000
0.000000,-48.161127,31.084198,0.000000,-72.351814,0.000000
0.000000,-48.205279,31.157575,0.000000,-72.380934,0.000000
0.000000,-48.245716,31.224809,0.000000,-72.407638,0.000000
0.000000,-48.282450,31.285918,0.000000,-72.431926,0.000000
0.000000,-48.315514,31.340944,0.000000,-72.453813,0.000000
0.000000,-48.344960,31.389966,0.000000,-72.473324,0.000000
0.000000,-48.370858,31.433096,0.000000,-72.490499,0.000000
0.000000,-48.393304,31.470485,0.000000,-72.505395,0.000000
0.000000,-48.412416,31.502325,0.000000,-72.518083,0.000000
0.000000,-48.428341,31.528853,0.000000,-72.528656,0.000000
0.000000,-48.441250,31.550351,0.000000,-72.537222,0.000000
0.000000,-48.451348,31.567156,0.000000,-72.543912,0.000000
0.000000,-48.458869,31.579656,0.000000,-72.548881,0.000000
0.000000,-48.464083,31.588301,0.000000,-72.552306,0.000000
0.000000,-48.467297,31.593599,0.000000,-72.554391,0.000000
0.000000,-48.468855,31.596130,0.000000,-72.555366,0.000000
0.000000,-48.469144,31.596540,0.000000,-72.555493,0.000000
0.000000,-48.468594,31.595555,0.000000,-72.555063,0.000000
0.000000,-48.467684,31.593978,0.000000,-72.554403,0.000000
0.000000,-48.466939,31.592700,0.000000,-72.553873,0.000000
